Angle,Tip Position,Tip Angle
0,[ 0.77813283 -0.7112859 ],0.0
5,[ 0.77815002 -0.71193888],3.255059144806705
10,[ 0.77820087 -0.71259195],6.493996873667586
15,[ 0.77828683 -0.71325504],9.690336472513328
20,[ 0.77840243 -0.71388901],12.809397705806253
25,[ 0.77855543 -0.71453884],15.997826781613995
30,[ 0.77871923 -0.71510423],18.926092011619364
35,[ 0.77890552 -0.71565206],21.7927074685274
40,[ 0.7791134  -0.71619377],24.359624411264367
45,[ 0.77948516 -0.71699328],29.008384827568506
50,[ 0.77948583 -0.7169927 ],29.04065267652103
55,[ 0.77984735 -0.7176778 ],32.423917704363184
60,[ 0.78011853 -0.71812496],34.982276546310516
65,[ 0.78019161 -0.71822386],35.94508830885918
70,[ 0.78048886 -0.71867561],38.211533597278816
75,[ 0.78069562 -0.71895712],39.9428194390362
80,[ 0.78088086 -0.71919562],41.45264334118034
85,[ 0.78103796 -0.71938832],42.71148714570115
