Angle,Tip Position,Tip Angle
0,[ 0.77813283 -0.7112859 ],0.0
5,[ 0.77815626 -0.71212045],3.4731168824989385
10,[ 0.77831279 -0.71361005],9.681242594974758
15,[ 0.77831279 -0.71361029],9.674444986701017
20,[ 0.77851855 -0.71470032],13.97197369926695
25,[ 0.77875131 -0.71559533],17.720258833498445
30,[ 0.7788418  -0.71587739],19.175229139599676
35,[ 0.7792512  -0.71704035],23.83833468285886
40,[ 0.77960752 -0.71785363],27.447619997189374
45,[ 0.78002867 -0.71867794],31.21820023483893
50,[ 0.78051959 -0.71950728],35.15638152218683
55,[ 0.78047224 -0.71944566],34.6243608616201
60,[ 0.78077466 -0.71990777],36.89698452283142
65,[ 0.78138094 -0.72072776],41.23381798546553
70,[ 0.78179111 -0.72122621],43.92035023391177
75,[ 0.78219931 -0.72168071],46.484183657447964
80,[ 0.78259439 -0.7220855 ],48.884686563679544
85,[ 0.78296075 -0.7224325 ],51.06019468575884
