20,[ 0.78989819 -0.69233174],9.108828697064672
20,[ 0.78989819 -0.69233174],9.10882873218477
20,[ 0.78989819 -0.69233174],9.108828812815542
20,[ 0.78989819 -0.69233174],9.108829658653589
20,[ 0.78989819 -0.69233174],9.108829729451807
20,[ 0.78989819 -0.69233174],9.108828691876374
20,[ 0.78989819 -0.69233174],9.108828723337698
20,[ 0.78989819 -0.69233174],9.108828665468968
20,[ 0.78989819 -0.69233174],9.108828574373053
20,[ 0.78989819 -0.69233174],9.108829935947515
20,[ 0.78989819 -0.69233174],9.108828626567043
20,[ 0.78989819 -0.69233174],9.108828723763986
20,[ 0.78989819 -0.69233174],9.10882877015309
20,[ 0.78989819 -0.69233174],9.108829807888947
20,[ 0.78989819 -0.69233174],9.108828827373015
20,[ 0.78989819 -0.69233174],9.108828683335547
20,[ 0.78989819 -0.69233174],9.108828713537678
20,[ 0.78989819 -0.69233174],9.10882871501729
20,[ 0.79019416 -0.69343739],9.103302437823338
20,[ 0.79019416 -0.69343739],9.103302409548373
20,[ 0.79019416 -0.69343739],9.10330231271993
20,[ 0.79019416 -0.69343739],9.103302319220962
20,[ 0.79019416 -0.69343739],9.103302435617369
20,[ 0.79019416 -0.69343739],9.10330231363087
20,[ 0.79019416 -0.69343739],9.10330240632092
20,[ 0.79019416 -0.69343739],9.103302439021673
20,[ 0.79019416 -0.69343739],9.103302357796709
20,[ 0.79019416 -0.69343739],9.103302315730737
20,[ 0.79019416 -0.69343739],9.103302350896803
20,[ 0.79019416 -0.69343739],9.103302450901305
20,[ 0.79019416 -0.69343739],9.103302342757962
20,[ 0.79019416 -0.69343739],9.103302347566276
20,[ 0.79019416 -0.69343739],9.10330242477961
20,[ 0.79019416 -0.69343739],9.103302314788943
20,[ 0.79019416 -0.69343739],9.103302282300259
20,[ 0.79019416 -0.69343739],9.103302444499237
20,[ 0.79019416 -0.69343739],9.103302353547019
20,[ 0.79019416 -0.69343739],9.103302424089648
20,[ 0.79019416 -0.69343739],9.103302350442899
20,[ 0.79019416 -0.69343739],9.103302325755465
20,[ 0.79019416 -0.69343739],9.103302413367807
20,[ 0.79019416 -0.69343739],9.10330235027312
20,[ 0.79019416 -0.69343739],9.103302427558042
20,[ 0.79019416 -0.69343739],9.10330250638848
20,[ 0.79019416 -0.69343739],9.103302290614266
