Angle,Tip Position,Tip Angle
0,[ 0.77813283 -0.7112859 ],0.0
5,[ 0.77815268 -0.71201961],3.351394591485964
10,[ 0.77821342 -0.71277802],6.676658509390249
15,[ 0.77831169 -0.71350943],9.955130682401025
20,[ 0.77841489 -0.71406225],12.721305931166206
25,[ 0.7786169  -0.71492471],16.490751262372655
30,[ 0.77881167 -0.71559147],19.380350575308007
35,[ 0.77903793 -0.71623699],22.428604665732628
40,[ 0.77924179 -0.71672625],25.190293600829865
45,[ 0.77958715 -0.71749768],28.56468833180836
50,[ 0.77991092 -0.71811179],31.669749179379615
55,[ 0.78004594 -0.71832763],33.20515077775412
60,[ 0.78041383 -0.71894254],35.98395893356836
65,[ 0.78070972 -0.71937495],38.35324322377628
70,[ 0.78099972 -0.71976656],40.570130151075205
75,[ 0.78127686 -0.72011467],42.610357458354144
80,[ 0.7815328  -0.72041571],44.441678669454355
85,[ 0.78175773 -0.72066507],46.02250959239188
