Angle,Tip Position,Tip Angle
0,[ 0.77813283 -0.7112859 ],0.0
5,[ 0.77813283 -0.7112859 ],0.0
10,[ 0.77827746 -0.71339367],8.561370918947759
15,[ 0.77827746 -0.71339385],8.55562357084012
20,[ 0.77854105 -0.71483893],14.193141275834892
25,[ 0.77879143 -0.71578315],18.058134876687873
30,[ 0.77912264 -0.71677117],22.186308087802594
35,[ 0.77933307 -0.7173113 ],24.39657079768082
40,[ 0.77973258 -0.71819572],28.24785709777186
45,[ 0.78021264 -0.71909977],32.3199968087199
50,[ 0.78078102 -0.72001492],36.62153939512019
55,[ 0.78055738 -0.71968687],34.801581778359164
60,[ 0.78085577 -0.72013992],36.97971120020754
65,[ 0.78112208 -0.72051601],38.84584961414968
70,[ 0.78135077 -0.72081976],40.40307151038499
75,[ 0.78154192 -0.72106076],41.681439513258596
80,[ 0.78170101 -0.72125257],42.735334810758644
85,[ 0.78183754 -0.72141091],43.63535777824325
