k,status,infeasible,solver_mode,rollout_steps,solver_mode_used,N_sqp_used,rollout_steps_used,rollout_steps_next,rollout_adaptation_reason,hierarchy_enabled,hierarchy_solver_mode,hierarchy_rollout_steps,hierarchy_N_sqp,hierarchy_confidence,hierarchy_risk,hierarchy_level,hierarchy_reason,i_ref,i_ref_mpc,idx_ref_0,idx_ref_terminal,u0_vx,u0_vy,u0_vz,u0_wx,u0_wy,u0_wz,u0_dL,p_now_x,p_now_y,p_now_z,p_now_qw,p_now_qx,p_now_qy,p_now_qz,p_now_L,tip_x,tip_y,tip_z,tip_tx,tip_ty,tip_tz,pred1_err_xy_m,pred1_err_xy_mm,pred1_err_xyz_m,pred1_err_xyz_mm,sqp_iters_done,sqp_du_final,sqp_du_rel_final,frame_path,i_seg,u_seg,rho_m,rho_mm,clearance_m,clearance_mm,tip_vessel_angle_deg,trust_vx,trust_vy,trust_vz,trust_wx,trust_wy,trust_wz,trust_dL,adapt_pred_err_xy_mm,adapt_pred_err_xyz_mm,adapt_clearance_mm,adapt_tip_vessel_angle_deg,cond_H_beam,lambda_min_H_beam,lambda_max_H_beam,num_negative_H_beam,num_near_zero_H_beam,stationarity_norm,cond_H_mpc,lambda_min_H_mpc,lambda_max_H_mpc,num_negative_H_mpc,num_near_zero_H_mpc,valid_H_mpc,norm_H_mpc,norm_H_track,norm_H_effort,norm_H_smooth,qp_reg,path_idx_nearest,curvature_local_1pm,curvature_max_ahead_1pm,curvature_mean_ahead_1pm,curvature_lookahead_points,sqp_status_0,sqp_du_0,sqp_du_rel_0,sqp_status_1,sqp_du_1,sqp_du_rel_1,sqp_status_2,sqp_du_2,sqp_du_rel_2,sqp_status_3,sqp_du_3,sqp_du_rel_3,sqp_status_4,sqp_du_4,sqp_du_rel_4,u_applied_0_vx,u_applied_0_vy,u_applied_0_vz,u_applied_0_wx,u_applied_0_wy,u_applied_0_wz,u_applied_0_dL,x_rollout_0_x,x_rollout_0_y,x_rollout_0_z,x_rollout_0_tx,x_rollout_0_ty,x_rollout_0_tz,x_pred_0_x,x_pred_0_y,x_pred_0_z,x_pred_0_tx,x_pred_0_ty,x_pred_0_tz,rollout_err_xy_0_m,rollout_err_xy_0_mm,rollout_err_xyz_0_m,rollout_err_xyz_0_mm,u_applied_1_vx,u_applied_1_vy,u_applied_1_vz,u_applied_1_wx,u_applied_1_wy,u_applied_1_wz,u_applied_1_dL,x_rollout_1_x,x_rollout_1_y,x_rollout_1_z,x_rollout_1_tx,x_rollout_1_ty,x_rollout_1_tz,x_pred_1_x,x_pred_1_y,x_pred_1_z,x_pred_1_tx,x_pred_1_ty,x_pred_1_tz,rollout_err_xy_1_m,rollout_err_xy_1_mm,rollout_err_xyz_1_m,rollout_err_xyz_1_mm,u_applied_2_vx,u_applied_2_vy,u_applied_2_vz,u_applied_2_wx,u_applied_2_wy,u_applied_2_wz,u_applied_2_dL,x_rollout_2_x,x_rollout_2_y,x_rollout_2_z,x_rollout_2_tx,x_rollout_2_ty,x_rollout_2_tz,x_pred_2_x,x_pred_2_y,x_pred_2_z,x_pred_2_tx,x_pred_2_ty,x_pred_2_tz,rollout_err_xy_2_m,rollout_err_xy_2_mm,rollout_err_xyz_2_m,rollout_err_xyz_2_mm,u_applied_3_vx,u_applied_3_vy,u_applied_3_vz,u_applied_3_wx,u_applied_3_wy,u_applied_3_wz,u_applied_3_dL,x_rollout_3_x,x_rollout_3_y,x_rollout_3_z,x_rollout_3_tx,x_rollout_3_ty,x_rollout_3_tz,x_pred_3_x,x_pred_3_y,x_pred_3_z,x_pred_3_tx,x_pred_3_ty,x_pred_3_tz,rollout_err_xy_3_m,rollout_err_xy_3_mm,rollout_err_xyz_3_m,rollout_err_xyz_3_mm,u_applied_4_vx,u_applied_4_vy,u_applied_4_vz,u_applied_4_wx,u_applied_4_wy,u_applied_4_wz,u_applied_4_dL,x_rollout_4_x,x_rollout_4_y,x_rollout_4_z,x_rollout_4_tx,x_rollout_4_ty,x_rollout_4_tz,x_pred_4_x,x_pred_4_y,x_pred_4_z,x_pred_4_tx,x_pred_4_ty,x_pred_4_tz,rollout_err_xy_4_m,rollout_err_xy_4_mm,rollout_err_xyz_4_m,rollout_err_xyz_4_mm,u_plan_0_vx,u_plan_0_vy,u_plan_0_vz,u_plan_0_wx,u_plan_0_wy,u_plan_0_wz,u_plan_0_dL,u_plan_1_vx,u_plan_1_vy,u_plan_1_vz,u_plan_1_wx,u_plan_1_wy,u_plan_1_wz,u_plan_1_dL,u_plan_2_vx,u_plan_2_vy,u_plan_2_vz,u_plan_2_wx,u_plan_2_wy,u_plan_2_wz,u_plan_2_dL,u_plan_3_vx,u_plan_3_vy,u_plan_3_vz,u_plan_3_wx,u_plan_3_wy,u_plan_3_wz,u_plan_3_dL,u_plan_4_vx,u_plan_4_vy,u_plan_4_vz,u_plan_4_wx,u_plan_4_wy,u_plan_4_wz,u_plan_4_dL,beam_eig_logged,beam_eig_failed,beam_eig_lambda_min,beam_eig_lambda_max,beam_eig_cond,beam_soft_direction_index,beam_soft_direction_absmax,beam_soft_dir_0,beam_soft_dir_1,beam_soft_dir_2,beam_soft_dir_3,beam_soft_dir_4,beam_soft_dir_5,beam_soft_dir_6,beam_soft_dir_7,beam_soft_dir_8,beam_soft_dir_9,beam_soft_dir_10,beam_soft_dir_11,beam_soft_dir_12,beam_soft_dir_13,beam_soft_dir_14,beam_soft_dir_15,beam_soft_dir_16,beam_soft_dir_17,beam_soft_dir_18,beam_soft_dir_19
0,solved,0,sqp_full,1,sqp_full,5,1,1,good:increase,False,,,,nan,nan,,,18,18,18,22,-0.16159050565186595,-0.24999948694633864,-5.5231255468089824e-09,0.0,0.0,-6.283185266911293,0.09857145394294675,0.6589010119099158,-0.7149273064311269,-0.1,0.0005526138285220272,0.9980064983680015,0.0631081855203585,0.0002841716471086472,0.017971429078858937,0.7801613969604746,-0.7099217053779728,-0.1000048065967189,-0.9999996310847397,0.000856673426566171,-6.277757971220803e-05,1.504061922853186e-05,0.01504061922853186,1.504061954032684e-05,0.01504061954032684,5,0.13465390981383188,0.010707343776828386,,18,0.4199721277940607,0.0009725575162655658,0.9725575162655657,0.0030274424837344344,3.0274424837344345,23.25505825143025,0.05,0.05,0.0001,0.5235987755982988,0.5235987755982988,2.0943951023931953,0.08,0.01504061922853186,0.01504061954032684,3.0274424837344345,23.25505825143025,3.9274529556707924,2.3853017503991558e-09,9.660905705338967e-09,0,0,8.809616872550732e-15,4719028.234435957,2.0010000029825584e-06,9.442775511181127,0,0,True,9.57317029048933,9.572854374893298,0.07745966744054612,2.4819347291981716e-07,1e-09,16,70.64066035580598,233.18519139449108,142.05205494697663,10,solved,4.1917985716415735,93.73146553967491,solved,4.191616812445391,0.9997399005985899,solved,4.191472409380601,0.5000236214405837,solved,0.14060974461228637,0.011184121062009004,solved,0.13465390981383188,0.010707343776828386,-0.16159050565186595,-0.24999948694633864,-5.5231255468089824e-09,0.0,0.0,-6.283185266911293,0.09857145394294675,0.7801613969604746,-0.7099217053779728,-0.1000048065967189,nan,nan,nan,0.780161675950776,-0.7099066673464797,-0.10000480353417433,nan,nan,nan,1.504061922853186e-05,0.01504061922853186,1.504061954032684e-05,0.01504061954032684,nan,nan,nan,nan,nan,nan,nan,nan,nan,nan,nan,nan,nan,nan,nan,nan,nan,nan,nan,nan,nan,nan,nan,nan,nan,nan,nan,nan,nan,nan,nan,nan,nan,nan,nan,nan,nan,nan,nan,nan,nan,nan,nan,nan,nan,nan,nan,nan,nan,nan,nan,nan,nan,nan,nan,nan,nan,nan,nan,nan,nan,nan,nan,nan,nan,nan,nan,nan,nan,nan,nan,nan,nan,nan,nan,nan,nan,nan,nan,nan,nan,nan,nan,nan,nan,nan,nan,nan,nan,nan,nan,nan,-0.16159050565186595,-0.24999948694633864,-5.5231255468089824e-09,0.0,0.0,-6.283185266911293,0.09857145394294675,0.09020795599935752,0.009821341790401995,-2.7305655353868973e-09,0.0,0.0,0.0007019914538654697,0.04538707651777521,-0.09399533656210834,0.25000005262805874,-1.550672429777054e-09,0.0,0.0,6.283185345007265,0.041102514285499804,0.04654256827356632,0.24999928383840525,-7.496317975613462e-10,0.0,0.0,6.283185337374939,0.032735289334572905,0.22817949013402022,0.2499995018040091,-2.6496190073780883e-10,0.0,0.0,6.283185321870526,0.022779017724729598,False,False,nan,nan,nan,-1,nan,,,,,,,,,,,,,,,,,,,,
1,solved,0,sqp_full,1,sqp_full,5,1,1,bad:tip_angle,False,,,,nan,nan,,,20,20,20,24,-0.1597920440006425,0.259821341790402,0.0,0.0,0.0,6.283185307179586,0.08655479061284393,0.6557051710299029,-0.7097308795953189,-0.1,0.000533680086006608,0.9999997562717473,0.0003183094057701563,0.0003183098086678975,0.019702524891115816,0.7784303075090403,-0.7099134112895171,-0.1000041919988346,-0.9999989638624792,0.001439415649720035,1.8882672084398947e-05,1.1682654508851362e-05,0.011682654508851361,1.1682664746153208e-05,0.011682664746153208,5,0.15813583227695033,0.0112169861958175,,20,0.071161687544254,5.214776021475938e-05,0.052147760214759385,0.003947852239785241,3.947852239785241,49.201941957959114,0.05,0.05,0.0001,0.5235987755982988,0.5235987755982988,2.0943951023931953,0.08,0.011682654508851361,0.011682664746153208,3.947852239785241,49.201941957959114,4.213195944261835,2.465024643847236e-09,1.070695142638884e-08,0,0,1.459199444213313e-14,4717381.36005926,2.001000019905467e-06,9.43948019538026,0,0,True,9.570561179236568,9.570245173162807,0.07745966744054612,2.4819347291981716e-07,1e-09,18,189.10299093597718,233.18519139449108,122.97979712384755,10,solved,2.1003411222240564,0.1669395050636592,solved,2.1002108673209507,0.1645749930487702,solved,2.09965752523686,0.15816196967859905,solved,0.1581346675675811,0.011225925585781598,solved,0.15813583227695033,0.0112169861958175,-0.1597920440006425,0.259821341790402,0.0,0.0,0.0,6.283185307179586,0.08655479061284393,0.7784303075090403,-0.7099134112895171,-0.1000041919988346,nan,nan,nan,0.778430534149188,-0.7099250917454422,-0.10000417653281295,nan,nan,nan,1.1682654508851362e-05,0.011682654508851361,1.1682664746153208e-05,0.011682664746153208,nan,nan,nan,nan,nan,nan,nan,nan,nan,nan,nan,nan,nan,nan,nan,nan,nan,nan,nan,nan,nan,nan,nan,nan,nan,nan,nan,nan,nan,nan,nan,nan,nan,nan,nan,nan,nan,nan,nan,nan,nan,nan,nan,nan,nan,nan,nan,nan,nan,nan,nan,nan,nan,nan,nan,nan,nan,nan,nan,nan,nan,nan,nan,nan,nan,nan,nan,nan,nan,nan,nan,nan,nan,nan,nan,nan,nan,nan,nan,nan,nan,nan,nan,nan,nan,nan,nan,nan,nan,nan,nan,nan,-0.1597920440006425,0.259821341790402,0.0,0.0,0.0,6.283185307179586,0.08655479061284393,-0.3439953365621083,0.5000000526280587,0.0,0.0,0.0,6.283185307179586,0.02987543201616655,0.22208673370167753,0.4999992838384052,0.0,0.0,0.0,6.283185307179586,0.02519253929761876,0.47817949013402017,0.49999950180400904,0.0,0.0,0.0,6.283185307179586,0.018554179908481298,0.47817949013402017,0.49999950180400904,0.0,0.0,0.0,6.283185307179586,0.014796638749187267,False,False,nan,nan,nan,-1,nan,,,,,,,,,,,,,,,,,,,,
2,solved,0,sqp_full,1,sqp_full,5,1,1,bad:tip_angle,False,,,,nan,nan,,,22,22,22,26,-0.5161338954937085,0.7500000526280589,3.178960326258114e-07,0.0,0.0,6.283185307179586,0.048756362937544984,0.6453824931200287,-0.6947308785427577,-0.1,0.0005126401520069599,0.9980464719939203,-0.06247282293062103,0.00035119174683425437,0.020677652149866714,0.7774750425208947,-0.7091228542141035,-0.10000445531868246,-0.9981491793377634,0.06081295463180263,1.8338475621205035e-05,9.318715704590832e-06,0.009318715704590832,9.318720584175041e-06,0.00931872058417504,5,0.1533197888910703,0.010805016702111042,,21,0.2535115324143038,0.0002197550910971478,0.2197550910971478,0.003780244908902852,3.7802449089028523,58.81712539814957,0.05,0.05,0.0001,0.5235987755982988,0.5235987755982988,2.0943951023931953,0.08,0.009318715704590832,0.00931872058417504,3.7802449089028523,58.81712539814957,280.20126912652125,2.4168601701813668e-09,7.051274138988112e-07,0,0,1.7785018095149556e-14,4701210.050665992,2.0010000481651424e-06,9.407121537817101,0,0,True,9.5457313758515,9.545414546081979,0.07745966744054612,2.4819347291981716e-07,1e-09,20,233.18519139449108,233.18519139449108,85.74683997505485,10,solved,0.15274343711696345,0.010814171858632687,solved,0.15196250605063313,0.010751700896108182,solved,0.15678327020374014,0.011079664719165298,solved,0.15546971698726267,0.010972027234956131,solved,0.1533197888910703,0.010805016702111042,-0.5161338954937085,0.7500000526280589,3.178960326258114e-07,0.0,0.0,6.283185307179586,0.048756362937544984,0.7774750425208947,-0.7091228542141035,-0.10000445531868246,nan,nan,nan,0.7774712868146482,-0.7091143258418688,-0.10000444578228168,nan,nan,nan,9.318715704590832e-06,0.009318715704590832,9.318720584175041e-06,0.00931872058417504,nan,nan,nan,nan,nan,nan,nan,nan,nan,nan,nan,nan,nan,nan,nan,nan,nan,nan,nan,nan,nan,nan,nan,nan,nan,nan,nan,nan,nan,nan,nan,nan,nan,nan,nan,nan,nan,nan,nan,nan,nan,nan,nan,nan,nan,nan,nan,nan,nan,nan,nan,nan,nan,nan,nan,nan,nan,nan,nan,nan,nan,nan,nan,nan,nan,nan,nan,nan,nan,nan,nan,nan,nan,nan,nan,nan,nan,nan,nan,nan,nan,nan,nan,nan,nan,nan,nan,nan,nan,nan,nan,nan,-0.5161338954937085,0.7500000526280589,3.178960326258114e-07,0.0,0.0,6.283185307179586,0.048756362937544984,0.3720867337016775,0.7499992838384054,3.178960326258114e-07,0.0,0.0,6.283185307179586,0.01956895994160358,0.6578598224138021,0.7499995018040092,3.178960326258114e-07,0.0,0.0,6.283185307179586,0.016216121511373756,0.7281794901340204,0.7499995018040092,3.178960326258114e-07,0.0,0.0,6.283185307179586,0.02105563278482242,0.6011917147917589,0.7499995018040092,3.178960326258114e-07,0.0,0.0,6.283185307179586,0.017291061952911767,False,False,nan,nan,nan,-1,nan,,,,,,,,,,,,,,,,,,,,
3,solved,0,sqp_full,1,sqp_full,5,1,1,bad:tip_angle,False,,,,nan,nan,,,23,23,23,27,0.6221568897204917,0.9999821760507129,7.89396904802975e-06,0.0,0.0,6.28318562380544,0.01334368184687958,0.6578256309144386,-0.6747312350217435,-0.1,0.0004895770603186599,0.9921543538593569,-0.12501740671744016,0.0003826876931702315,0.020944525786804304,0.7773769187692642,-0.707428580813436,-0.10000309437779115,-0.9829239510157614,0.18401220762961176,0.00011816446963778668,3.6040579927752366e-05,0.036040579927752364,3.604058434636287e-05,0.03604058434636287,5,0.15550185473818542,0.010870871167247309,,22,0.8828525792289392,0.0003089766072535382,0.30897660725353815,0.003691023392746462,3.691023392746462,63.39194818371233,0.05,0.05,0.0001,0.5235987755982988,0.5235987755982988,2.0943951023931953,0.08,0.036040579927752364,0.03604058434636287,3.691023392746462,63.39194818371233,357.77592075216535,2.1153175910653945e-09,7.924872909018838e-07,0,0,3.166221959893289e-14,4695727.250813985,2.0010003771642024e-06,9.396151999939008,0,0,True,9.53753017890217,9.537213073887536,0.07745966744054612,2.4819347291981716e-07,1e-09,21,227.27348749472696,227.27348749472696,64.5481862119294,10,solved,0.16547186940162364,0.011641678147729663,solved,0.15916766226487186,0.011178899321823211,solved,0.1582630624560252,0.011095867357693254,solved,0.1550533081322564,0.010855069421866944,solved,0.15550185473818542,0.010870871167247309,0.6221568897204917,0.9999821760507129,7.89396904802975e-06,0.0,0.0,6.28318562380544,0.01334368184687958,0.7773769187692642,-0.707428580813436,-0.10000309437779115,nan,nan,nan,0.7773623514496719,-0.7074615461983332,-0.10000307653126236,nan,nan,nan,3.6040579927752366e-05,0.036040579927752364,3.604058434636287e-05,0.03604058434636287,nan,nan,nan,nan,nan,nan,nan,nan,nan,nan,nan,nan,nan,nan,nan,nan,nan,nan,nan,nan,nan,nan,nan,nan,nan,nan,nan,nan,nan,nan,nan,nan,nan,nan,nan,nan,nan,nan,nan,nan,nan,nan,nan,nan,nan,nan,nan,nan,nan,nan,nan,nan,nan,nan,nan,nan,nan,nan,nan,nan,nan,nan,nan,nan,nan,nan,nan,nan,nan,nan,nan,nan,nan,nan,nan,nan,nan,nan,nan,nan,nan,nan,nan,nan,nan,nan,nan,nan,nan,nan,nan,nan,0.6221568897204917,0.9999821760507129,7.89396904802975e-06,0.0,0.0,6.28318562380544,0.01334368184687958,0.9079243185076827,0.9999830897199611,7.893898549885521e-06,0.0,0.0,6.283185616288821,0.02787985385994358,0.860685628117301,0.9999836714273506,7.893611356175442e-06,0.0,0.0,6.2831853339074675,0.014219233966710602,0.8511906046715068,1.0000004946826504,-3.6502104849307664e-11,0.0,0.0,6.283185314672093,0.012509954994265993,0.8511920954093616,0.6999989767006812,4.081526319837544e-11,0.0,0.0,6.283185309505185,0.05467623954418537,False,False,nan,nan,nan,-1,nan,,,,,,,,,,,,,,,,,,,,
4,solved,0,sqp_full,1,sqp_full,5,1,1,bad:tip_angle,False,,,,nan,nan,,,25,25,25,29,1.0,1.0,2.2108566217380642e-05,0.0,0.0,6.283185307179586,0.046313218712349356,0.6778256309144386,-0.6547312350217435,-0.1,0.0004645818327517295,0.982346655960124,-0.18706860075489265,0.00041267334439149103,0.02187079016105129,0.7765627056371337,-0.7068703433347414,-0.10000564326211264,-0.9631845534502894,0.2688410573172668,4.353505107996014e-05,3.529334583715893e-05,0.03529334583715893,3.529428447815815e-05,0.03529428447815815,5,2.0976748610877896,0.15579023722883675,,23,0.5855771668889603,0.00041826431688797095,0.41826431688797094,0.003581735683112029,3.5817356831120293,67.53332329155157,0.05,0.05,0.0001,0.5235987755982988,0.5235987755982988,2.0943951023931953,0.08,0.03529334583715893,0.03529428447815815,3.5817356831120293,67.53332329155157,434.4660857557677,2.05019139379432e-09,9.340852384875669e-07,0,0,7.47219048746792e-14,5795777.262092275,2.00100039867084e-06,11.59735261205403,0,0,True,12.027393060168631,12.027140774226096,0.07745966744054612,2.4819347291981716e-07,1e-09,23,159.40073685048702,159.40073685048702,25.33648494655665,10,solved,1.315783909227018,0.09187193591715008,solved,0.5827371205046908,0.042215406844133,solved,1.3498373698824397,0.09911614917524558,solved,0.8319988576487707,0.06279151724075765,solved,2.0976748610877896,0.15579023722883675,1.0,1.0,2.2108566217380642e-05,0.0,0.0,6.283185307179586,0.046313218712349356,0.7765627056371337,-0.7068703433347414,-0.10000564326211264,nan,nan,nan,0.7765541057930353,-0.706904572897138,-0.10000538585884178,nan,nan,nan,3.529334583715893e-05,0.03529334583715893,3.529428447815815e-05,0.03529428447815815,nan,nan,nan,nan,nan,nan,nan,nan,nan,nan,nan,nan,nan,nan,nan,nan,nan,nan,nan,nan,nan,nan,nan,nan,nan,nan,nan,nan,nan,nan,nan,nan,nan,nan,nan,nan,nan,nan,nan,nan,nan,nan,nan,nan,nan,nan,nan,nan,nan,nan,nan,nan,nan,nan,nan,nan,nan,nan,nan,nan,nan,nan,nan,nan,nan,nan,nan,nan,nan,nan,nan,nan,nan,nan,nan,nan,nan,nan,nan,nan,nan,nan,nan,nan,nan,nan,nan,nan,nan,nan,nan,nan,1.0,1.0,2.2108566217380642e-05,0.0,0.0,6.283185307179586,0.046313218712349356,0.7668129263230512,1.0,2.210854823018381e-05,0.0,0.0,6.283185307179586,-0.005,1.0,1.0,4.121314531984668e-06,0.0,0.0,6.283185307179586,0.04664468349538167,1.0,0.5954459815108752,4.121292423507989e-06,0.0,0.0,6.283185307179586,0.012387136627167698,1.0,0.4499989767007036,4.121288096155489e-12,0.0,0.0,1.8019747006484543,0.09204291154249421,False,False,nan,nan,nan,-1,nan,,,,,,,,,,,,,,,,,,,,
5,solved,0,sqp_full,1,sqp_full,5,1,1,bad:tip_angle,False,,,,nan,nan,,,26,26,26,30,0.7734679396473659,1.0,5.651329893743784e-05,0.0,0.0,6.283185307179586,0.0015113101411886214,0.6932949897073859,-0.6347312350217434,-0.1,0.000437753112938178,0.968662084601314,-0.24838152048867984,0.00044103036245495485,0.021901016363875064,0.7766560082284593,-0.7065010791689674,-0.10000721219158151,-0.9379383567069854,0.3468020168159788,-1.2254353497920243e-05,5.938150260737856e-07,0.0005938150260737856,5.938174581921701e-07,0.0005938174581921701,5,0.1024602002010507,0.007164076548126552,,23,0.9412893911652214,0.0002814624026984692,0.28146240269846917,0.0037185375973015308,3.718537597301531,62.836800423926185,0.05,0.05,0.0001,0.5235987755982988,0.5235987755982988,2.0943951023931953,0.08,0.0005938150260737856,0.0005938174581921701,3.718537597301531,62.836800423926185,562.78608574428,1.3576312140394782e-09,8.202345654079655e-07,0,0,1.5370461608503158e-13,4696176.025715885,2.0010001667353787e-06,9.397049010476174,0,0,True,9.576576829686978,9.576260979411112,0.07745966744054612,2.4819347291981716e-07,1e-09,24,95.11243557997311,95.11243557997311,10.845508869239655,10,solved,2.111399280098349,0.1835677845817323,solved,2.964027179448304,0.24609500511022522,solved,2.1164940303254505,0.158382231019131,solved,0.11938180166604515,0.008362297516437066,solved,0.1024602002010507,0.007164076548126552,0.7734679396473659,1.0,5.651329893743784e-05,0.0,0.0,6.283185307179586,0.0015113101411886214,0.7766560082284593,-0.7065010791689674,-0.10000721219158151,nan,nan,nan,0.7766557345743378,-0.7065016061696382,-0.10000721049203369,nan,nan,nan,5.938150260737856e-07,0.0005938150260737856,5.938174581921701e-07,0.0005938174581921701,nan,nan,nan,nan,nan,nan,nan,nan,nan,nan,nan,nan,nan,nan,nan,nan,nan,nan,nan,nan,nan,nan,nan,nan,nan,nan,nan,nan,nan,nan,nan,nan,nan,nan,nan,nan,nan,nan,nan,nan,nan,nan,nan,nan,nan,nan,nan,nan,nan,nan,nan,nan,nan,nan,nan,nan,nan,nan,nan,nan,nan,nan,nan,nan,nan,nan,nan,nan,nan,nan,nan,nan,nan,nan,nan,nan,nan,nan,nan,nan,nan,nan,nan,nan,nan,nan,nan,nan,nan,nan,nan,nan,0.7734679396473659,1.0,5.651329893743784e-05,0.0,0.0,6.283185307179586,0.0015113101411886214,1.0,1.0,1.4740625176539758e-05,0.0,0.0,6.283185307179586,-0.005,1.0,0.5550031182191968,1.4740580709788747e-05,0.0,0.0,6.283185307179586,0.07108668784915595,1.0,0.4445929488783434,1.2046412305348376e-05,0.0,0.0,6.283185307179586,0.09525828592040163,1.0,0.19999897670070726,1.2046399656628735e-11,0.0,0.0,6.283185307179586,-0.004999999999999999,False,False,nan,nan,nan,-1,nan,,,,,,,,,,,,,,,,,,,,
6,solved,0,sqp_full,1,sqp_full,5,1,1,bad:tip_angle,False,,,,nan,nan,,,26,26,26,30,0.9999952251190822,0.9999973534618832,1.4351931529674666e-05,0.0,0.0,6.283185200972362,0.009965486156405278,0.7132948942097675,-0.6147312879525058,-0.1,0.0004091967820749082,0.9511546468620707,-0.3087141908256261,0.00046764683473081924,0.02210032608700317,0.7766138867781105,-0.7061100996166206,-0.10000842726615174,-0.9071621629684123,0.4207811856240955,-6.247601285127636e-05,1.483704715472162e-05,0.01483704715472162,1.4837055448152865e-05,0.014837055448152866,5,2.2245993614784516,0.19791436786818487,,24,0.3068403922803108,0.0003069907665468442,0.3069907665468442,0.003693009233453156,3.693009233453156,63.69382021200388,0.05,0.05,0.0001,0.5235987755982988,0.5235987755982988,2.0943951023931953,0.08,0.01483704715472162,0.014837055448152866,3.693009233453156,63.69382021200388,691.1777376591508,1.200407805950376e-09,8.987129253510965e-07,0,0,1.7036838929014462e-13,4950368.864623636,2.0010000345988513e-06,9.905688269388971,0,0,True,10.342422057690632,10.342129216545613,0.07745966744054612,2.4819347291981716e-07,1e-09,24,95.11243557997311,95.11243557997311,10.845508869239655,10,solved,2.0985107591617194,0.14692802891616322,solved,3.0932084762323693,0.22928338297763248,solved,3.365403659842623,0.28789255108583117,solved,3.079145650723053,0.3013414015007336,solved,2.2245993614784516,0.19791436786818487,0.9999952251190822,0.9999973534618832,1.4351931529674666e-05,0.0,0.0,6.283185200972362,0.009965486156405278,0.7766138867781105,-0.7061100996166206,-0.10000842726615174,nan,nan,nan,0.7766052714744596,-0.7061221791245276,-0.10000844295373057,nan,nan,nan,1.483704715472162e-05,0.01483704715472162,1.4837055448152865e-05,0.014837055448152866,nan,nan,nan,nan,nan,nan,nan,nan,nan,nan,nan,nan,nan,nan,nan,nan,nan,nan,nan,nan,nan,nan,nan,nan,nan,nan,nan,nan,nan,nan,nan,nan,nan,nan,nan,nan,nan,nan,nan,nan,nan,nan,nan,nan,nan,nan,nan,nan,nan,nan,nan,nan,nan,nan,nan,nan,nan,nan,nan,nan,nan,nan,nan,nan,nan,nan,nan,nan,nan,nan,nan,nan,nan,nan,nan,nan,nan,nan,nan,nan,nan,nan,nan,nan,nan,nan,nan,nan,nan,nan,nan,nan,0.9999952251190822,0.9999973534618832,1.4351931529674666e-05,0.0,0.0,6.283185200972362,0.009965486156405278,0.9999948865855844,0.5795168301814029,1.4351931754146713e-05,0.0,0.0,6.283185235226452,-0.004997357179378728,0.9999952223524246,0.35949671183621973,1.4351924945834505e-05,0.0,0.0,6.283185225985437,0.0776925078446158,0.9999980790586649,0.21587351918932038,8.16149477959849e-06,0.0,0.0,0.6312928885892907,0.07721286827758683,0.9999987318528998,-0.04998710123152597,7.95273376010788e-12,0.0,0.0,-4.188779747203714,-0.004945955938004224,False,False,nan,nan,nan,-1,nan,,,,,,,,,,,,,,,,,,,,
7,solved,0,sqp_full,1,sqp_full,5,1,1,bad:tip_angle,False,,,,nan,nan,,,26,26,26,30,0.999999999999999,0.7440039674144506,1.2262428185133763e-05,0.0,0.0,6.283185307179586,0.001834486652320887,0.7332948942097676,-0.5998512086042167,-0.1,0.00037902553798860994,0.9298934360090878,-0.3678285083182708,0.0004924177190624428,0.022137015820049587,0.7766448788638077,-0.7059703391583378,-0.10000939000205486,-0.8935110671740519,0.44904115212267665,-0.00012859947938706799,2.1332650430672337e-05,0.021332650430672336,2.1333351649974965e-05,0.021333351649974963,5,0.30078395128850494,0.02341292839420928,,24,0.44581383542912456,0.0002725283015496114,0.27252830154961144,0.0037274716984503887,3.7274716984503886,61.89555284315939,0.05,0.05,0.0001,0.5235987755982988,0.5235987755982988,2.0943951023931953,0.08,0.021332650430672336,0.021333351649974963,3.7274716984503886,61.89555284315939,545.7405106401775,1.635745797982653e-09,9.471667981325923e-07,0,0,1.6378334531909346e-13,5348547.693951573,2.001000153656766e-06,10.70244475743764,0,0,True,11.904980178735789,11.904725161199343,0.07745966744054612,2.4819347291981716e-07,1e-09,24,95.11243557997311,95.11243557997311,10.845508869239655,10,solved,2.967799641161526,0.27094908401486517,solved,0.2040988305686383,0.015955319591207377,solved,2.303532496057556,0.18016652944941716,solved,2.242176884561336,0.18835121000998176,solved,0.30078395128850494,0.02341292839420928,0.999999999999999,0.7440039674144506,1.2262428185133763e-05,0.0,0.0,6.283185307179586,0.001834486652320887,0.7766448788638077,-0.7059703391583378,-0.10000939000205486,nan,nan,nan,0.7766575556135681,-0.7059531815947022,-0.10000921703320152,nan,nan,nan,2.1332650430672337e-05,0.021332650430672336,2.1333351649974965e-05,0.021333351649974963,nan,nan,nan,nan,nan,nan,nan,nan,nan,nan,nan,nan,nan,nan,nan,nan,nan,nan,nan,nan,nan,nan,nan,nan,nan,nan,nan,nan,nan,nan,nan,nan,nan,nan,nan,nan,nan,nan,nan,nan,nan,nan,nan,nan,nan,nan,nan,nan,nan,nan,nan,nan,nan,nan,nan,nan,nan,nan,nan,nan,nan,nan,nan,nan,nan,nan,nan,nan,nan,nan,nan,nan,nan,nan,nan,nan,nan,nan,nan,nan,nan,nan,nan,nan,nan,nan,nan,nan,nan,nan,nan,nan,0.999999999999999,0.7440039674144506,1.2262428185133763e-05,0.0,0.0,6.283185307179586,0.001834486652320887,0.9999999999999991,0.12137403478464334,1.2262428185133768e-05,0.0,0.0,6.283185307179586,-0.00499999999999869,0.9999999999999992,0.32040448591559617,1.2262428185133768e-05,0.0,0.0,-1.0974558115375048,0.08171416079479213,0.9999999999999999,0.00012160347510240319,1.2262428185133768e-05,0.0,0.0,-6.283185307179586,0.09382630414131096,0.7500113479228949,-0.27852955627544695,1.2262428185133765e-05,0.0,0.0,-6.283185307179586,-0.004999999999997144,False,False,nan,nan,nan,-1,nan,,,,,,,,,,,,,,,,,,,,
8,solved,0,sqp_full,1,sqp_full,5,1,1,bad:tip_angle,False,,,,nan,nan,,,26,26,26,30,1.0,0.27051419022999856,-9.987259385098578e-05,0.0,0.0,6.283185307179586,0.02847716210836727,0.7532948942097676,-0.5944409247996167,-0.1,0.0003473584532641677,0.9049623605920776,-0.425491174733444,0.0005152452556211838,0.02270655906221693,0.7762584134381365,-0.7054565511122297,-0.10001027884305617,-0.8638757494908946,0.5037049403151187,-0.00015014555563893758,2.3537316043011997e-05,0.023537316043011996,2.3562583946765006e-05,0.023562583946765005,5,0.5742414767926604,0.04115035863303658,,24,0.9691294049535049,0.0006460766008802528,0.6460766008802528,0.003353923399119747,3.353923399119747,58.33231349305036,0.05,0.05,0.0001,0.5235987755982988,0.5235987755982988,2.0943951023931953,0.08,0.023537316043011996,0.023562583946765005,3.353923399119747,58.33231349305036,469.71555137674096,1.7702956627022358e-09,8.784069584437095e-07,0,0,4.430180319602894e-14,5786633.710781181,2.0010005012309677e-06,11.579056955713158,0,0,True,13.064482613091167,13.064250007352568,0.07745966744054612,2.4819347291981716e-07,1e-09,24,95.11243557997311,95.11243557997311,10.845508869239655,10,solved,0.15049859184191436,0.011768797804494613,solved,2.1006646363743147,0.16431042812243407,solved,0.4526463288474112,0.034475966598734316,solved,2.0995885115534896,0.1586201442701456,solved,0.5742414767926604,0.04115035863303658,1.0,0.27051419022999856,-9.987259385098578e-05,0.0,0.0,6.283185307179586,0.02847716210836727,0.7762584134381365,-0.7054565511122297,-0.10001027884305617,nan,nan,nan,0.7762748784409288,-0.7054397312153942,-0.10000918791879679,nan,nan,nan,2.3537316043011997e-05,0.023537316043011996,2.3562583946765006e-05,0.023562583946765005,nan,nan,nan,nan,nan,nan,nan,nan,nan,nan,nan,nan,nan,nan,nan,nan,nan,nan,nan,nan,nan,nan,nan,nan,nan,nan,nan,nan,nan,nan,nan,nan,nan,nan,nan,nan,nan,nan,nan,nan,nan,nan,nan,nan,nan,nan,nan,nan,nan,nan,nan,nan,nan,nan,nan,nan,nan,nan,nan,nan,nan,nan,nan,nan,nan,nan,nan,nan,nan,nan,nan,nan,nan,nan,nan,nan,nan,nan,nan,nan,nan,nan,nan,nan,nan,nan,nan,nan,nan,nan,nan,nan,1.0,0.27051419022999856,-9.987259385098578e-05,0.0,0.0,6.283185307179586,0.02847716210836727,1.0,0.2094578110963705,-9.987259385098578e-05,0.0,0.0,-6.283185307179586,-0.002715546470810029,1.0,0.19660396018305565,-9.987259385099808e-05,0.0,0.0,-6.283185307179586,0.10000000000000003,0.5000189975473669,-0.5285029159710519,-9.987260614504138e-05,0.0,0.0,-6.283185307179586,-0.004999999999999999,0.5000040320315882,-0.20850769907670666,-0.00011216667464791198,0.0,0.0,-6.283185307179586,-0.004999999999999999,False,False,nan,nan,nan,-1,nan,,,,,,,,,,,,,,,,,,,,
9,solved,0,sqp_full,1,sqp_full,5,1,1,bad:tip_angle,False,,,,nan,nan,,,27,27,27,31,1.0000000037509,0.19476619850598265,0.00016844811643538303,0.0,0.0,-6.283185307186915,0.02949123856933441,0.7732948942847856,-0.5905456008294971,-0.1,0.0003790255379886461,0.9298934360091148,-0.3678285083182027,0.0004924177190624151,0.02329638383360362,0.7758097467872958,-0.7048524269866714,-0.1000122367861622,-0.8520774039794001,0.5234157265910162,-0.0002734683248042398,0.0001215606413417509,0.1215606413417509,0.00012156738072832828,0.12156738072832829,5,1.3066666848270798,0.09649033337681209,,25,0.5582495548665252,0.0010932434409730214,1.0932434409730214,0.0029067565590269787,2.9067565590269786,58.38515158599922,0.05,0.05,0.0001,0.5235987755982988,0.5235987755982988,2.0943951023931953,0.08,0.1215606413417509,0.12156738072832829,2.9067565590269786,58.38515158599922,1065.2997891462658,1.568551155170755e-09,1.777407193783162e-06,0,0,1.7942865175852453e-12,6415708.45788134,2.0010002143501775e-06,12.837833999428808,0,0,True,13.005986919246501,13.005753678839799,0.07745966744054612,2.4819347291981716e-07,1e-09,25,23.89640621048269,23.89640621048269,2.1989238165160803,10,solved,0.1352842983929459,0.009551704059521545,solved,1.3818814623735134,0.09758089506386486,solved,1.8318505590385326,0.13460409014094446,solved,1.6349590140110681,0.12516342514505965,solved,1.3066666848270798,0.09649033337681209,1.0000000037509,0.19476619850598265,0.00016844811643538303,0.0,0.0,-6.283185307186915,0.02949123856933441,0.7758097467872958,-0.7048524269866714,-0.1000122367861622,nan,nan,nan,0.7757887216627438,-0.7049721555699796,-0.10001095673392556,nan,nan,nan,0.0001215606413417509,0.1215606413417509,0.00012156738072832828,0.12156738072832829,nan,nan,nan,nan,nan,nan,nan,nan,nan,nan,nan,nan,nan,nan,nan,nan,nan,nan,nan,nan,nan,nan,nan,nan,nan,nan,nan,nan,nan,nan,nan,nan,nan,nan,nan,nan,nan,nan,nan,nan,nan,nan,nan,nan,nan,nan,nan,nan,nan,nan,nan,nan,nan,nan,nan,nan,nan,nan,nan,nan,nan,nan,nan,nan,nan,nan,nan,nan,nan,nan,nan,nan,nan,nan,nan,nan,nan,nan,nan,nan,nan,nan,nan,nan,nan,nan,nan,nan,nan,nan,nan,nan,1.0000000037509,0.19476619850598265,0.00016844811643538303,0.0,0.0,-6.283185307186915,0.02949123856933441,1.0000000015809682,0.3828353574612914,0.0001684481164439787,0.0,0.0,-6.283185307269237,0.09999999983069742,0.25000653487343244,-0.691648898187145,0.00016844807343500222,0.0,0.0,-6.2831853076953035,-0.005000012446658838,0.40656612542325127,-0.024089143637145188,0.0001254367985826189,0.0,0.0,-6.28318530799668,-0.005012701542965762,0.6183581266465722,-0.05849366950307412,1.6332039435799614e-06,0.0,0.0,-3.4162444445515363,0.09926853710556335,False,False,nan,nan,nan,-1,nan,,,,,,,,,,,,,,,,,,,,
10,solved,0,sqp_full,1,sqp_full,5,1,1,bad:tip_angle,False,,,,nan,nan,,,28,28,28,32,0.9999999999999926,0.6328353574608603,0.0006411510319849762,0.0,0.0,-6.283185307179585,0.10000000000000794,0.7932948942847855,-0.57788889368028,-0.1,0.00040919678207494253,0.9511546468620934,-0.3087141908255565,0.00046764683473078927,0.02529638383360378,0.7739174191002156,-0.7043887400860567,-0.10000981667723358,-0.8660441382647718,0.49996754137579563,-9.026555746460856e-05,2.4781272726500047e-05,0.024781272726500048,2.4781413464403616e-05,0.024781413464403615,5,0.28943037752553197,0.022404151875543885,,26,0.022820624023189736,0.0029851468118922793,2.985146811892279,0.0010148531881077208,1.0148531881077207,59.96567470895253,0.05,0.05,0.0001,0.5235987755982988,0.5235987755982988,2.0943951023931953,0.08,0.024781272726500048,0.024781413464403615,1.0148531881077207,59.96567470895253,1039.8965637232764,1.6007633909590156e-09,1.7685180059646245e-06,0,0,1.4794798479642945e-13,9872976.209753359,2.0010003253368025e-06,19.755828607758982,0,0,True,20.412559333877233,20.41240961186318,0.07745966744054612,2.4819347291981716e-07,1e-09,26,0.2917557708045042,0.2917557708045042,0.026523251936916667,10,solved,2.36306953817259,0.1966281757623715,solved,0.7946149174000311,0.06345315300289125,solved,0.12980235524426526,0.010056589295940336,solved,0.14266063024007797,0.01105376130042591,solved,0.28943037752553197,0.022404151875543885,0.9999999999999926,0.6328353574608603,0.0006411510319849762,0.0,0.0,-6.283185307179585,0.10000000000000794,0.7739174191002156,-0.7043887400860567,-0.10000981667723358,nan,nan,nan,0.773928916169325,-0.7043667872074336,-0.10000973315868145,nan,nan,nan,2.4781272726500047e-05,0.024781272726500048,2.4781413464403616e-05,0.024781413464403615,nan,nan,nan,nan,nan,nan,nan,nan,nan,nan,nan,nan,nan,nan,nan,nan,nan,nan,nan,nan,nan,nan,nan,nan,nan,nan,nan,nan,nan,nan,nan,nan,nan,nan,nan,nan,nan,nan,nan,nan,nan,nan,nan,nan,nan,nan,nan,nan,nan,nan,nan,nan,nan,nan,nan,nan,nan,nan,nan,nan,nan,nan,nan,nan,nan,nan,nan,nan,nan,nan,nan,nan,nan,nan,nan,nan,nan,nan,nan,nan,nan,nan,nan,nan,nan,nan,nan,nan,nan,nan,nan,nan,0.9999999999999926,0.6328353574608603,0.0006411510319849762,0.0,0.0,-6.283185307179585,0.10000000000000794,6.534873844431599e-06,-0.8117160624587543,0.0006411508162714006,0.0,0.0,-6.283185307179584,-0.00499999999975114,0.15656612542445977,-0.141693810735481,0.0004254367985822605,0.0,0.0,-6.28318530717958,-0.004999999999638459,0.4232945401545766,0.06321541541949234,5.796786326797137e-06,0.0,0.0,-6.283185307179587,0.10000000000000372,0.3683581266466258,0.02631513234545779,7.265356914640287e-07,0.0,0.0,-2.282167770381646,0.0998896259861075,False,False,nan,nan,nan,-1,nan,,,,,,,,,,,,,,,,,,,,
11,solved,0,sqp_full,1,sqp_full,5,1,1,bad:tip_angle,False,,,,nan,nan,,,28,28,28,32,-0.24999415849973403,-0.5617247426672299,0.0008054395932105792,0.0,0.0,-6.283185307179586,0.02334120472301391,0.7882950111147908,-0.5891233885336246,-0.1,0.0004377531134066165,0.9686620848651313,-0.24838151945981984,0.00044103036198999736,0.025763207928064056,0.7739194287386194,-0.7035341969873693,-0.1000085797171832,-0.8027748850284318,0.5962822140952722,7.156275683408237e-05,0.00012822652561662138,0.12822652561662137,0.00012823980725855993,0.12823980725855993,5,1.7265068586033498,0.1446358924006275,,26,0.8773613086744917,0.002982597723778255,2.982597723778255,0.0010174022762217453,1.0174022762217452,53.35944395690399,0.05,0.05,0.0001,0.5235987755982988,0.5235987755982988,2.0943951023931953,0.08,0.12822652561662137,0.12823980725855993,1.0174022762217452,53.35944395690399,1028.718795545773,1.6677390400332073e-09,1.8184063761021573e-06,0,0,3.2239812743940126e-13,5575062.8341725655,2.001000059125615e-06,11.155701060808322,0,0,True,11.576159912149084,11.575897920210089,0.07745966744054612,2.4819347291981716e-07,1e-09,26,0.2917557708045042,0.2917557708045042,0.026523251936916667,10,solved,1.8766183911644982,0.16456421636258256,solved,0.781571008544122,0.06576498586277248,solved,2.117413545275919,0.181232955797379,solved,1.4126046990449403,0.11239386393262635,solved,1.7265068586033498,0.1446358924006275,-0.24999415849973403,-0.5617247426672299,0.0008054395932105792,0.0,0.0,-6.283185307179586,0.02334120472301391,0.7739194287386194,-0.7035341969873693,-0.1000085797171832,nan,nan,nan,0.7739729541670178,-0.703417676300852,-0.1000104253319866,nan,nan,nan,0.00012822652561662138,0.12822652561662137,0.00012823980725855993,0.12823980725855993,nan,nan,nan,nan,nan,nan,nan,nan,nan,nan,nan,nan,nan,nan,nan,nan,nan,nan,nan,nan,nan,nan,nan,nan,nan,nan,nan,nan,nan,nan,nan,nan,nan,nan,nan,nan,nan,nan,nan,nan,nan,nan,nan,nan,nan,nan,nan,nan,nan,nan,nan,nan,nan,nan,nan,nan,nan,nan,nan,nan,nan,nan,nan,nan,nan,nan,nan,nan,nan,nan,nan,nan,nan,nan,nan,nan,nan,nan,nan,nan,nan,nan,nan,nan,nan,nan,nan,nan,nan,nan,nan,nan,-0.24999415849973403,-0.5617247426672299,0.0008054395932105792,0.0,0.0,-6.283185307179586,0.02334120472301391,-0.09342566782353662,-0.2606283110858823,0.000805439055762976,0.0,0.0,-6.283185307179586,-0.0049999999999979445,0.2173587836859889,0.026451129030608343,6.766632622283508e-05,0.0,0.0,-6.283185307179585,-0.0049999999999958775,0.2201682464831747,0.0890747923837444,2.7447551138378343e-06,0.0,0.0,-6.283185307179586,0.09999999999999974,0.11835821004773664,0.06322245627260416,4.337611254798555e-07,0.0,0.0,-1.8611744232995096,0.045187968818878425,False,False,nan,nan,nan,-1,nan,,,,,,,,,,,,,,,,,,,,
12,solved,0,sqp_full,1,sqp_full,5,1,1,bad:tip_angle,False,,,,nan,nan,,,29,29,29,33,-0.34344492148720085,-0.17217073630047083,0.000679170673718582,0.0,0.0,-6.283187332699543,0.007130067386721359,0.7814261126850468,-0.592566803259634,-0.1,0.0004645818415488295,0.9823466599479297,-0.18706857981387,0.0004126733344878396,0.025905809275798483,0.7739144506616519,-0.7033037430781115,-0.10000922608697063,-0.7840195030229082,0.6207361896909508,4.1081281753883e-05,8.45848317050757e-06,0.008458483170507571,8.484759777778952e-06,0.008484759777778952,5,0.13500444210797682,0.011196355775733803,,27,0.10781870593491469,0.0029874276834735217,2.9874276834735216,0.0010125723165264784,1.0125723165264784,51.593620597074086,0.05,0.05,0.0001,0.5235987755982988,0.5235987755982988,2.0943951023931953,0.08,0.008458483170507571,0.008484759777778952,1.0125723165264784,51.593620597074086,1952.6591578239593,1.3294039340016387e-09,2.7910386819578796e-06,0,0,7.944103137500321e-13,7514832.322443387,2.0010000486704475e-06,15.037179842959468,0,0,True,15.536574017223195,15.53637820184905,0.07745966744054612,2.4819347291981716e-07,1e-09,27,1.109517488349818e-10,1.1196533031534643e-10,5.569747685703561e-11,10,solved,1.0953073206949906,0.09773518583375784,solved,1.814751905976773,0.15857461473627038,solved,1.4457810818866499,0.12035467436731125,solved,1.5466472974259284,0.13469497684375661,solved,0.13500444210797682,0.011196355775733803,-0.34344492148720085,-0.17217073630047083,0.000679170673718582,0.0,0.0,-6.283187332699543,0.007130067386721359,0.7739144506616519,-0.7033037430781115,-0.10000922608697063,nan,nan,nan,0.7739202614807612,-0.703297596508432,-0.1000085588456793,nan,nan,nan,8.45848317050757e-06,0.008458483170507571,8.484759777778952e-06,0.008484759777778952,nan,nan,nan,nan,nan,nan,nan,nan,nan,nan,nan,nan,nan,nan,nan,nan,nan,nan,nan,nan,nan,nan,nan,nan,nan,nan,nan,nan,nan,nan,nan,nan,nan,nan,nan,nan,nan,nan,nan,nan,nan,nan,nan,nan,nan,nan,nan,nan,nan,nan,nan,nan,nan,nan,nan,nan,nan,nan,nan,nan,nan,nan,nan,nan,nan,nan,nan,nan,nan,nan,nan,nan,nan,nan,nan,nan,nan,nan,nan,nan,nan,nan,nan,nan,nan,nan,nan,nan,nan,nan,nan,nan,-0.34344492148720085,-0.17217073630047083,0.000679170673718582,0.0,0.0,-6.283187332699543,0.007130067386721359,0.06733234609654733,-0.05633300748082843,0.00020568841601344826,0.0,0.0,-6.283188825781661,-0.004997038739184187,-0.011756666779436794,0.17172108802526403,6.722175005062452e-06,0.0,0.0,-6.283185323117826,0.09999827601304254,-0.13166901665869446,0.09004423016928936,2.3325988519658743e-06,0.0,0.0,-4.830197463173527,0.059242816977096185,-0.1316225472409951,0.0556764953000914,5.283189054375005e-07,0.0,0.0,-1.838718661048861,0.049718496162250686,False,False,nan,nan,nan,-1,nan,,,,,,,,,,,,,,,,,,,,
13,solved,0,sqp_full,1,sqp_full,5,1,1,"bad:low_clearance,tip_angle",False,,,,nan,nan,,,29,29,29,33,-0.1826279992545068,-0.03033325448698769,0.00024288866644666207,0.0,0.0,-6.2831853071795845,0.0058626303776666,0.7777735526999566,-0.5931734683493737,-0.1,0.0004895770684765456,0.9921543565243958,-0.1250173855673435,0.0003826876827337482,0.026023061883351815,0.7738959238872355,-0.703140681304714,-0.10001465006048366,-0.7724983954379115,0.6350165807489792,-0.00041378705539665443,3.7919140863179005e-05,0.037919140863179004,3.7926901344549354e-05,0.03792690134454935,5,0.1398932738167248,0.011741445284748712,,27,0.2708956605982212,0.00300584107293745,3.00584107293745,0.0009941589270625502,0.9941589270625502,50.542300149721775,0.05,0.05,0.0001,0.5235987755982988,0.5235987755982988,2.0943951023931953,0.08,0.037919140863179004,0.03792690134454935,0.9941589270625502,50.542300149721775,1721.6515431659138,1.4471587951911477e-09,2.663568327263573e-06,0,0,2.8698149599469097e-13,11944573.15038016,2.001000031586571e-06,23.90109125119881,0,0,True,24.23228938661975,24.23216309851074,0.07745966744054612,2.4819347291981716e-07,1e-09,27,1.109517488349818e-10,1.1196533031534643e-10,5.569747685703561e-11,10,solved,2.0044377251261767,0.1918393967853807,solved,1.547827945917101,0.1351125759777376,solved,0.1757329329393215,0.014698878031604289,solved,0.28546892800517076,0.023768595021844443,solved,0.1398932738167248,0.011741445284748712,-0.1826279992545068,-0.03033325448698769,0.00024288866644666207,0.0,0.0,-6.2831853071795845,0.0058626303776666,0.7738959238872355,-0.703140681304714,-0.10001465006048366,nan,nan,nan,0.7739191333029745,-0.7031106949033817,-0.10001541726436632,nan,nan,nan,3.7919140863179005e-05,0.037919140863179004,3.7926901344549354e-05,0.03792690134454935,nan,nan,nan,nan,nan,nan,nan,nan,nan,nan,nan,nan,nan,nan,nan,nan,nan,nan,nan,nan,nan,nan,nan,nan,nan,nan,nan,nan,nan,nan,nan,nan,nan,nan,nan,nan,nan,nan,nan,nan,nan,nan,nan,nan,nan,nan,nan,nan,nan,nan,nan,nan,nan,nan,nan,nan,nan,nan,nan,nan,nan,nan,nan,nan,nan,nan,nan,nan,nan,nan,nan,nan,nan,nan,nan,nan,nan,nan,nan,nan,nan,nan,nan,nan,nan,nan,nan,nan,nan,nan,nan,nan,-0.1826279992545068,-0.03033325448698769,0.00024288866644666207,0.0,0.0,-6.2831853071795845,0.0058626303776666,-0.26175436748199443,0.13493557126374642,9.217563062933693e-06,0.0,0.0,-6.283185307179586,0.07658535411442925,-0.38166787425738063,0.03485790539853917,4.146470157521996e-06,0.0,0.0,-6.283185307179586,0.03372527343177394,-0.38162155206294374,0.013599754836769923,2.587152331470756e-06,0.0,0.0,-4.520919118634763,0.05408489063716233,-0.38162227514671887,-0.02493397233969308,9.444984125233445e-07,0.0,0.0,-1.4294571937193905,0.047249834445891356,False,False,nan,nan,nan,-1,nan,,,,,,,,,,,,,,,,,,,,
14,solved,0,sqp_full,1,sqp_full,5,1,1,"bad:low_clearance,tip_angle",False,,,,nan,nan,,,29,29,29,33,-0.5117533925980994,0.07566605235865012,1.1194746478841126e-05,0.0,0.0,-6.283185307179586,0.052591424762250406,0.7675384848479947,-0.5916601473022006,-0.1,0.0005126401583814718,0.9980464731278696,-0.06247280481499322,0.00035119173752927853,0.027074890378596825,0.7738878108129937,-0.701481524499771,-0.10001777990895841,-0.6481527421634364,0.7615101109696898,-0.0006113239310305471,7.821365675053956e-07,0.0007821365675053957,9.135902253697879e-07,0.000913590225369788,5,2.1898040717931035,0.17410382991710924,,28,0.930058949916279,0.0030128967384701576,3.0128967384701575,0.0009871032615298425,0.9871032615298425,40.36599622241097,0.05,0.05,0.0001,0.5235987755982988,0.5235987755982988,2.0943951023931953,0.08,0.0007821365675053957,0.000913590225369788,0.9871032615298425,40.36599622241097,1036.398834204911,1.3444256055739184e-09,1.4969010137125408e-06,0,0,2.2752626079381286e-13,13441440.292116515,2.001000063183912e-06,26.896322873807925,0,0,True,27.25735995930749,27.257247429508812,0.07745966744054612,2.4819347291981716e-07,1e-09,27,1.109517488349818e-10,1.1196533031534643e-10,5.569747685703561e-11,10,solved,2.254485868646805,0.22089157548238728,solved,2.1775588810603836,0.19162867606340608,solved,1.3755231061957587,0.11325713247903688,solved,0.6064590739109362,0.04776652315776522,solved,2.1898040717931035,0.17410382991710924,-0.5117533925980994,0.07566605235865012,1.1194746478841126e-05,0.0,0.0,-6.283185307179586,0.052591424762250406,0.7738878108129937,-0.701481524499771,-0.10001777990895841,nan,nan,nan,0.7738885546922428,-0.701481282877601,-0.10001730777604316,nan,nan,nan,7.821365675053956e-07,0.0007821365675053957,9.135902253697879e-07,0.000913590225369788,nan,nan,nan,nan,nan,nan,nan,nan,nan,nan,nan,nan,nan,nan,nan,nan,nan,nan,nan,nan,nan,nan,nan,nan,nan,nan,nan,nan,nan,nan,nan,nan,nan,nan,nan,nan,nan,nan,nan,nan,nan,nan,nan,nan,nan,nan,nan,nan,nan,nan,nan,nan,nan,nan,nan,nan,nan,nan,nan,nan,nan,nan,nan,nan,nan,nan,nan,nan,nan,nan,nan,nan,nan,nan,nan,nan,nan,nan,nan,nan,nan,nan,nan,nan,nan,nan,nan,nan,nan,nan,nan,nan,-0.5117533925980994,0.07566605235865012,1.1194746478841126e-05,0.0,0.0,-6.283185307179586,0.052591424762250406,-0.6316669310157591,-0.02007475278834718,6.0876589182545194e-06,0.0,0.0,-6.283185307179586,0.025918576302875654,-0.6316206102586175,-0.04081885166652674,2.775287517801956e-06,0.0,0.0,-5.4915411034276405,0.03101362249491539,-0.6316213990497356,-0.21881093135666127,2.7752842054373457e-06,0.0,0.0,-4.188790204786391,0.0609711260435711,-0.569300667111406,-0.2560270523162134,2.7752842054340334e-06,0.0,0.0,-1.768642445399697,0.04418514189514998,False,False,nan,nan,nan,-1,nan,,,,,,,,,,,,,,,,,,,,
15,solved,0,sqp_full,1,sqp_full,5,1,1,neutral:hold,False,,,,nan,nan,,,31,31,31,35,-0.8816822034256983,-0.02540404009455313,9.180861279293385e-06,0.0,0.0,-6.283185307179586,0.05377186107460847,0.7499048407794807,-0.5921682281040916,-0.1,0.0005336800917842769,0.9999997562659694,0.0003183275568521826,0.000318309798981024,0.028150327600088995,0.7739056053515476,-0.6995708093160181,-0.10001554935169667,-0.5721554330415649,0.820145143395894,-0.0003228082214245491,4.4865700805313e-05,0.044865700805313005,4.56310274693635e-05,0.0456310274693635,5,2.9847236369141483,0.26782796811116544,,30,0.8407606110070794,0.002993888523379846,2.9938885233798462,0.001006111476620154,1.006111476620154,34.86419464782704,0.05,0.05,0.0001,0.5235987755982988,0.5235987755982988,2.0943951023931953,0.08,0.044865700805313005,0.0456310274693635,1.006111476620154,34.86419464782704,3263.9151164939644,1.3404882927296905e-09,4.701531513773042e-06,0,0,1.4755546966540603e-11,9792512.062131725,2.001000014884409e-06,19.594816782081338,0,0,True,19.716513866487873,19.71635937291105,0.07745966744054612,2.4819347291981716e-07,1e-09,29,1.3948656914433476e-11,1.1196533031534643e-10,4.688165955736296e-11,10,solved,3.7086805254134103,0.3795588657666615,solved,2.1018143933885702,0.18045640985935352,solved,0.1332301698730812,0.011960305243352691,solved,0.1433393634629013,0.012865966405051391,solved,2.9847236369141483,0.26782796811116544,-0.8816822034256983,-0.02540404009455313,9.180861279293385e-06,0.0,0.0,-6.283185307179586,0.05377186107460847,0.7739056053515476,-0.6995708093160181,-0.10001554935169667,nan,nan,nan,0.7738966508525731,-0.6995268462854485,-0.10002387158451953,nan,nan,nan,4.4865700805313e-05,0.044865700805313005,4.56310274693635e-05,0.0456310274693635,nan,nan,nan,nan,nan,nan,nan,nan,nan,nan,nan,nan,nan,nan,nan,nan,nan,nan,nan,nan,nan,nan,nan,nan,nan,nan,nan,nan,nan,nan,nan,nan,nan,nan,nan,nan,nan,nan,nan,nan,nan,nan,nan,nan,nan,nan,nan,nan,nan,nan,nan,nan,nan,nan,nan,nan,nan,nan,nan,nan,nan,nan,nan,nan,nan,nan,nan,nan,nan,nan,nan,nan,nan,nan,nan,nan,nan,nan,nan,nan,nan,nan,nan,nan,nan,nan,nan,nan,nan,nan,nan,nan,-0.8816822034256983,-0.02540404009455313,9.180861279293385e-06,0.0,0.0,-6.283185307179586,0.05377186107460847,-0.8816422245437933,-0.09442850499212076,7.295888664740725e-06,0.0,0.0,-6.283185307179586,0.065240017737648,-0.7816443857335296,-0.4687890414748817,7.2958818691259175e-06,0.0,0.0,-4.188790206231372,0.04275897468659911,-0.5000657040371397,-0.2953163955991335,2.385225744714033e-06,0.0,0.0,0.3727645926362198,0.05278737147732589,-0.31934845084085994,-0.2168222687330782,2.7614915287960363e-07,0.0,0.0,0.6212028498227375,0.04882732176207687,False,False,nan,nan,nan,-1,nan,,,,,,,,,,,,,,,,,,,,
16,solved,0,sqp_full,1,sqp_full,5,1,1,neutral:hold,False,,,,nan,nan,,,33,33,33,37,-0.9999999279700333,-0.22598084961552287,5.069401908118449e-05,0.0,0.0,-6.283185305685303,0.09999987301883334,0.72990484222008,-0.596687845096402,-0.1,0.0005526138336758051,0.9980064972234621,0.06310820362034768,0.00028417163708636343,0.030150325060465662,0.7739018551973798,-0.6975057208635828,-0.10001414811511501,-0.4184157454037465,0.9082555983840266,-0.000178891869827004,3.726075213362666e-09,3.7260752133626656e-06,1.886899585854476e-07,0.00018868995858544761,5,0.11721294491877678,0.014502606497691367,,32,0.9058497217952333,0.002996328931700717,2.996328931700717,0.0010036710682992831,1.003671068299283,24.69814363522067,0.05,0.05,0.0001,0.5235987755982988,0.5235987755982988,2.0943951023931953,0.08,3.7260752133626656e-06,0.00018868995858544761,1.003671068299283,24.69814363522067,3854.3388014609095,1.6365680002003424e-09,6.693221424547533e-06,0,0,2.2702301774559208e-11,6918745.376964159,2.001000029648104e-06,13.844409704432964,0,0,True,13.991711273516893,13.991494405784119,0.07745966744054612,2.4819347291981716e-07,1e-09,31,1.1102241608695564e-10,1.1196533031534643e-10,5.570012258511011e-11,10,solved,2.5887166666961985,0.3336435856908909,solved,2.1441654621214856,0.2376963665849144,solved,0.12984958599743376,0.016055375252431524,solved,0.12901888706745782,0.015958088581817874,solved,0.11721294491877678,0.014502606497691367,-0.9999999279700333,-0.22598084961552287,5.069401908118449e-05,0.0,0.0,-6.283185305685303,0.09999987301883334,0.7739018551973798,-0.6975057208635828,-0.10001414811511501,nan,nan,nan,0.7739018588847324,-0.6975057203277965,-0.10001395946194956,nan,nan,nan,3.726075213362666e-09,3.7260752133626656e-06,1.886899585854476e-07,0.00018868995858544761,nan,nan,nan,nan,nan,nan,nan,nan,nan,nan,nan,nan,nan,nan,nan,nan,nan,nan,nan,nan,nan,nan,nan,nan,nan,nan,nan,nan,nan,nan,nan,nan,nan,nan,nan,nan,nan,nan,nan,nan,nan,nan,nan,nan,nan,nan,nan,nan,nan,nan,nan,nan,nan,nan,nan,nan,nan,nan,nan,nan,nan,nan,nan,nan,nan,nan,nan,nan,nan,nan,nan,nan,nan,nan,nan,nan,nan,nan,nan,nan,nan,nan,nan,nan,nan,nan,nan,nan,nan,nan,nan,nan,-0.9999999279700333,-0.22598084961552287,5.069401908118449e-05,0.0,0.0,-6.283185305685303,0.09999987301883334,-0.9999978180884618,-0.5149315874057945,1.81068269119706e-05,0.0,0.0,-3.381744190254834,0.054663519614083625,-0.2500850814432925,-0.13734630498791536,1.2525862000380733e-06,0.0,0.0,2.528434594950796,0.049387138752781785,-0.06934543577790934,-0.0022018481843279077,-3.384133457145574e-08,0.0,0.0,2.1395006005413695,0.03588630324420584,-0.06934751753604064,0.009218908798779585,-4.066037976751216e-08,0.0,0.0,0.9433751383730332,0.024117902539639424,False,False,nan,nan,nan,-1,nan,,,,,,,,,,,,,,,,,,,,
17,solved,0,sqp_full,1,sqp_full,5,1,1,bad:low_clearance,False,,,,nan,nan,,,35,35,35,39,-1.0000343428517104,-0.46760278698632685,2.64765003292663e-05,0.0,0.0,-1.0959260379101288,0.09999927010236877,0.7099041553630459,-0.6060399008361286,-0.1,0.0005556948966811233,0.9972549594534166,0.07404160796468444,0.000278098454322871,0.032150310462513036,0.7738852088847863,-0.6955173580583456,-0.10001868199653495,-0.284089029932863,0.9587978358152429,-0.00036483943240318535,1.0863628205172036e-08,1.0863628205172036e-05,4.7448440837151306e-08,4.7448440837151306e-05,5,0.11522169986417669,0.01392336127222267,,34,0.8942252049174103,0.0030117037645296745,3.0117037645296745,0.0009882962354703256,0.9882962354703256,16.467933966511865,0.05,0.05,0.0001,0.5235987755982988,0.5235987755982988,2.0943951023931953,0.08,1.0863628205172036e-05,4.7448440837151306e-05,0.9882962354703256,16.467933966511865,4883.940779442028,1.643113511084996e-09,8.513163159984422e-06,0,0,4.5344747202709285e-12,5814737.707895315,2.0010000025436048e-06,11.63529016828892,0,0,True,11.851706697531428,11.851450961034528,0.07745966744054612,2.4819347291981716e-07,1e-09,33,1.3948656914433476e-11,1.1196533031534643e-10,4.6875235387608085e-11,10,solved,3.292559694390803,0.6513144542650544,solved,1.9134118562414708,0.2810823270234971,solved,0.13664692029764916,0.016516294067083655,solved,0.12641302913751923,0.015279128548978298,solved,0.11522169986417669,0.01392336127222267,-1.0000343428517104,-0.46760278698632685,2.64765003292663e-05,0.0,0.0,-1.0959260379101288,0.09999927010236877,0.7738852088847863,-0.6955173580583456,-0.10001868199653495,nan,nan,nan,0.7738852183974324,-0.6955173528116341,-0.10001863580848325,nan,nan,nan,1.0863628205172036e-08,1.0863628205172036e-05,4.7448440837151306e-08,4.7448440837151306e-05,nan,nan,nan,nan,nan,nan,nan,nan,nan,nan,nan,nan,nan,nan,nan,nan,nan,nan,nan,nan,nan,nan,nan,nan,nan,nan,nan,nan,nan,nan,nan,nan,nan,nan,nan,nan,nan,nan,nan,nan,nan,nan,nan,nan,nan,nan,nan,nan,nan,nan,nan,nan,nan,nan,nan,nan,nan,nan,nan,nan,nan,nan,nan,nan,nan,nan,nan,nan,nan,nan,nan,nan,nan,nan,nan,nan,nan,nan,nan,nan,nan,nan,nan,nan,nan,nan,nan,nan,nan,nan,nan,nan,-1.0000343428517104,-0.46760278698632685,2.64765003292663e-05,0.0,0.0,-1.0959260379101288,0.09999927010236877,-8.757679594267732e-05,0.055472956121540365,1.0292950720049708e-06,0.0,0.0,6.088368414338639,0.04265756912316058,0.18064458533294864,0.2231478438466028,-2.1574570260916116e-08,0.0,0.0,4.66337916870757,0.02359138648525487,0.18063872843711376,0.2208775619502591,-1.041712974356714e-08,0.0,0.0,2.4856538781668664,0.039028751869431166,0.18064648683311296,0.1644995632450867,-2.6053848171245093e-10,0.0,0.0,0.9161076495941358,0.044549238254893576,False,False,nan,nan,nan,-1,nan,,,,,,,,,,,,,,,,,,,,
18,solved,0,sqp_full,1,sqp_full,5,1,1,bad:low_clearance,False,,,,nan,nan,,,37,37,37,41,0.201102159289431,0.2584423534797614,5.049777618256066e-07,0.0,0.0,6.283185307179586,0.0640040634676986,0.7139261985488344,-0.6008710537665334,-0.1,0.0005371364133117157,0.9999362156230502,0.011277346757298287,0.0003124420618112099,0.03343039173186701,0.7738839404223055,-0.693424824025356,-0.1000163434975396,-0.22611160488765586,0.9741014023880882,-8.297343692050968e-07,1.6078120713899757e-05,0.016078120713899757,1.6715444366826882e-05,0.01671544436682688,5,3.053310016222358,0.2797175559227411,,36,0.986757708536319,0.003011646620698831,3.0116466206988313,0.000988353379301169,0.988353379301169,13.031827538963135,0.05,0.05,0.0001,0.5235987755982988,0.5235987755982988,2.0943951023931953,0.08,0.016078120713899757,0.01671544436682688,0.988353379301169,13.031827538963135,917.6473393128915,1.5473044470320352e-09,1.5115445428572101e-06,0,0,5.743435234836246e-13,6940615.663086347,2.0010000209035403e-06,13.88817208691922,0,0,True,14.016262544096698,14.016046089897948,0.07745966744054612,2.4819347291981716e-07,1e-09,35,1.3807278785295963e-11,1.1196533031534643e-10,5.0243541864779895e-11,10,solved,2.516844410093631,0.30755839596835777,solved,0.5683377575598428,0.056564644784779856,solved,1.0557559316910388,0.10315936806286728,solved,2.1688103357641277,0.20953849940214092,solved,3.053310016222358,0.2797175559227411,0.201102159289431,0.2584423534797614,5.049777618256066e-07,0.0,0.0,6.283185307179586,0.0640040634676986,0.7738839404223055,-0.693424824025356,-0.1000163434975396,nan,nan,nan,0.7738834586683421,-0.6934408949269738,-0.10002091516186343,nan,nan,nan,1.6078120713899757e-05,0.016078120713899757,1.6715444366826882e-05,0.01671544436682688,nan,nan,nan,nan,nan,nan,nan,nan,nan,nan,nan,nan,nan,nan,nan,nan,nan,nan,nan,nan,nan,nan,nan,nan,nan,nan,nan,nan,nan,nan,nan,nan,nan,nan,nan,nan,nan,nan,nan,nan,nan,nan,nan,nan,nan,nan,nan,nan,nan,nan,nan,nan,nan,nan,nan,nan,nan,nan,nan,nan,nan,nan,nan,nan,nan,nan,nan,nan,nan,nan,nan,nan,nan,nan,nan,nan,nan,nan,nan,nan,nan,nan,nan,nan,nan,nan,nan,nan,nan,nan,nan,nan,0.201102159289431,0.2584423534797614,5.049777618256066e-07,0.0,0.0,6.283185307179586,0.0640040634676986,0.4306445853329471,0.47314784384660113,5.049777618256066e-07,0.0,0.0,5.661654230609258,0.039568789047932346,0.4306387284371125,0.43271149989025237,5.049777618256066e-07,0.0,0.0,3.112085105644967,0.04892368994241495,0.43064648683311013,-0.059231015602772386,5.049777618256066e-07,0.0,0.0,5.450758263460641,0.05174745316218629,0.4306464868330623,0.04603679041835963,5.049777618256066e-07,0.0,0.0,6.10256575507399,0.015996964180778242,False,False,nan,nan,nan,-1,nan,,,,,,,,,,,,,,,,,,,,
19,solved,0,sqp_full,1,sqp_full,5,1,1,neutral:hold,False,,,,nan,nan,,,39,39,39,43,0.5806509637277837,0.7231485030773842,7.506321248542162e-08,0.0,0.0,6.283185307179586,0.08876127892082655,0.7255392178233901,-0.5864080837049856,-0.1,0.0005164580979132517,0.9986711803770225,-0.051531420985609255,0.00034555260322278027,0.035205617310283537,0.7739005580697539,-0.691365123200924,-0.10000827163181761,-0.22426090995748474,0.974529117124428,0.0002100993188801069,8.780301633541287e-06,0.008780301633541286,8.799352840410028e-06,0.008799352840410028,5,3.1328807695474876,0.25912418814740656,,39,0.04644198131490261,0.002993755062594631,2.993755062594631,0.001006244937405369,1.006244937405369,12.923035874496343,0.05,0.05,0.0001,0.5235987755982988,0.5235987755982988,2.0943951023931953,0.08,0.008780301633541286,0.008799352840410028,1.006244937405369,12.923035874496343,1489.755232944199,1.1415565097415424e-09,1.8495153073834105e-06,0,0,1.6829882352225242e-13,5921213.154186617,2.001000099978657e-06,11.848348113522357,0,0,True,11.911705499611465,11.911451315719324,0.07745966744054612,2.4819347291981716e-07,1e-09,37,1.1109312834878948e-10,1.1196533031534643e-10,4.7442808905036524e-11,10,solved,0.8883740871376956,0.07320066981547442,solved,0.21561807996235438,0.0169258489416479,solved,3.0191821779430414,0.23663117208743953,solved,2.5845052620780917,0.20135719132166283,solved,3.1328807695474876,0.25912418814740656,0.5806509637277837,0.7231485030773842,7.506321248542162e-08,0.0,0.0,6.283185307179586,0.08876127892082655,0.7739005580697539,-0.691365123200924,-0.10000827163181761,nan,nan,nan,0.773900130584401,-0.6913563533119254,-0.10000885034904913,nan,nan,nan,8.780301633541287e-06,0.008780301633541286,8.799352840410028e-06,0.008799352840410028,nan,nan,nan,nan,nan,nan,nan,nan,nan,nan,nan,nan,nan,nan,nan,nan,nan,nan,nan,nan,nan,nan,nan,nan,nan,nan,nan,nan,nan,nan,nan,nan,nan,nan,nan,nan,nan,nan,nan,nan,nan,nan,nan,nan,nan,nan,nan,nan,nan,nan,nan,nan,nan,nan,nan,nan,nan,nan,nan,nan,nan,nan,nan,nan,nan,nan,nan,nan,nan,nan,nan,nan,nan,nan,nan,nan,nan,nan,nan,nan,nan,nan,nan,nan,nan,nan,nan,nan,nan,nan,nan,nan,0.5806509637277837,0.7231485030773842,7.506321248542162e-08,0.0,0.0,6.283185307179586,0.08876127892082655,0.580646708622909,0.3967416619968733,7.50632124854216e-08,0.0,0.0,6.283185307179586,0.06074674178561494,0.6678122838381169,0.02495918682530952,7.506321248534655e-08,0.0,0.0,1.946453905403974,0.04123588177631862,0.6806444414131229,-0.053450014475240025,7.506313742243805e-08,0.0,0.0,4.188790294670673,0.04476498656760967,0.4687356386546527,0.15290923292917125,7.506305860646003e-14,0.0,0.0,1.9916465048177758,0.06584283932928256,False,False,nan,nan,nan,-1,nan,,,,,,,,,,,,,,,,,,,,
20,solved,0,sqp_full,1,sqp_full,5,1,1,good:increase,False,,,,nan,nan,,,41,41,41,45,0.8306468226916353,0.1487121611832688,4.5943292249109615e-11,0.0,0.0,6.283185304435641,0.09999999983493742,0.7421521542772228,-0.5834338404813203,-0.1,0.0004937415583599386,0.9934648462346418,-0.11413681772509335,0.00037729940636385017,0.03720561730698228,0.7753005650237258,-0.6893568848587167,-0.10000343561912006,-0.047060357468788484,0.9988919362202676,0.00047170863316169445,0.000333207091263463,0.333207091263463,0.00033323059689650185,0.33323059689650186,5,2.8028986324914973,0.27616004995853616,,41,0.05378515911972402,0.0015925857489837386,1.5925857489837387,0.0024074142510162617,2.4074142510162617,2.6616382956379265,0.05,0.05,0.0001,0.5235987755982988,0.5235987755982988,2.0943951023931953,0.08,0.333207091263463,0.33323059689650186,2.4074142510162617,2.6616382956379265,8237.884884454466,1.0627293941459703e-10,1.6991527296752673e-06,0,0,3.0327605922437017e-13,2777012.5832813666,2.001000050137704e-06,5.556802318379049,0,0,True,5.808896826025355,5.808377391906972,0.07745966744054612,2.4819347291981716e-07,1e-09,39,1.3877787807815032e-11,1.1196533031534643e-10,4.511316872368164e-11,10,solved,3.6588851807447464,0.4352858209932855,solved,3.6378922766329844,0.5068429612868239,solved,2.9750892304916854,0.3985153773103553,solved,3.029065226322428,0.3533881984089731,solved,2.8028986324914973,0.27616004995853616,0.8306468226916353,0.1487121611832688,4.5943292249109615e-11,0.0,0.0,6.283185304435641,0.09999999983493742,0.7753005650237258,-0.6893568848587167,-0.10000343561912006,nan,nan,nan,0.7749808389692063,-0.6894507049830487,-0.09999947771061415,nan,nan,nan,0.000333207091263463,0.333207091263463,0.00033323059689650185,0.33323059689650186,nan,nan,nan,nan,nan,nan,nan,nan,nan,nan,nan,nan,nan,nan,nan,nan,nan,nan,nan,nan,nan,nan,nan,nan,nan,nan,nan,nan,nan,nan,nan,nan,nan,nan,nan,nan,nan,nan,nan,nan,nan,nan,nan,nan,nan,nan,nan,nan,nan,nan,nan,nan,nan,nan,nan,nan,nan,nan,nan,nan,nan,nan,nan,nan,nan,nan,nan,nan,nan,nan,nan,nan,nan,nan,nan,nan,nan,nan,nan,nan,nan,nan,nan,nan,nan,nan,nan,nan,nan,nan,nan,nan,0.8306468226916353,0.1487121611832688,4.5943292249109615e-11,0.0,0.0,6.283185304435641,0.09999999983493742,0.6272955330173311,0.17416726090044246,4.594327541819338e-11,0.0,0.0,0.38397828180418236,0.062203737013517224,0.4306848274360904,0.19650280751403484,3.316850479018187e-11,0.0,0.0,-6.283184894874372,0.060330574249567656,0.2187544000097431,0.40289067705600673,1.00464765242456e-10,0.0,0.0,-6.283186400018212,0.06719450110511416,0.3187297674787274,0.27346435404054187,6.168732466492976e-11,0.0,0.0,-0.1299909561344651,0.055848371356371954,False,False,nan,nan,nan,-1,nan,,,,,,,,,,,,,,,,,,,,
